211
1206
494
389
95
923
288
43
201
145
43
95
1490
1200
334
225
222
1052
174
273
1052
1097
273
1251
213
403
179
92
263
1225
1074
95
44
44
21
362
556
109
246
213
1342
418
224
109
865
1493
194
1131
288
444
535
865
794
513
245
178
463
113
342
1477
370
1111
1289
246
239
514
1181
444
285
1355
861
21
52
1334
225
774
530
213
307
355
494
761
135
362
62
109
1199
1290
1325
1258
296
1500
56
109
1369
363
1290
263
386
196
1486
1371
66
361
1052
243
774
1181
247
145
1493
13
1239
120
246
556
192
861
1364
104
1462
1032
124
403
1353
308
579
89
89
330
317
117
886
1343
159
317
306
918
1100
1327
93
897
1216
288
1493
1100
1342
637
143
239
1325
1018
259
466
117
306
1325
211
1252
934
1369
426
1114
66
1353
446
1474
174
222
43
66
1097
420
934
86
381
1097
1361
145
34
511
1415
273
93
1488
425
338
225
289
318
109
719
317
377
163
690
1474
259
285
177
134
987
1111
399
145
159
12
52
794
308
21
1474
112
56
330
477
719
611
1052
284
605
92
239
231
689
288
1371
363
1160
399
1404
123
177
152
1449
9
886
1389
1140
34
435
34
463
918
95
1499
365
703
1298
92
1258
1334
457
282
232
1492
74
897
1243
494
284
494
1309
457
1327
177
1488
987
377
135
920
1160
71
123
1187
243
50
1223
112
1361
194
1032
1449
317
243
1343
426
513
1477
282
89
27
94
34
457
1382
683
1400
132
406
257
56
213
404
110
1355
1334
113
21
719
1474
1455
282
1111
1419
34
208
132
259
245
231
1289
1419
1474
1052
282
774
123
1
75
1206
637
690
839
1369
202
1363
459
828
435
1181
444
1500
52
1290
1414
95
381
1382
1327
1382
1112
21
436
284
467
50
513
1364
136
95
365
1419
444
9
1331
30
136
9
1199
90
861
13
192
284
222
1290
321
86
13
125
203
1320
399
211
1490
436
225
273
444
95
399
1424
753
125
1363
535
1361
284
335
94
446
1431
196
1353
477
783
116
446
196
211
133
1032
579
177
404
109
201
13
334
1
897
1074
1415
239
650
1399
1414
1353
386
172
215
403
318
514
89
377
63
1325
1424
1258
389
605
377
365
637
104
246
307
507
494
442
66
104
579
220
247
436
1455
285
159
124
44
895
43
174
1419
71
1430
886
112
556
1430
1200
95
1474
296
113
38
399
380
1389
1389
1290
263
86
232
232
177
94
1334
75
222
794
445
861
1478
222
1032
1477
133
335
507
72
89
1331
442
1252
605
104
1100
94
38
163
21
1486
1325
1493
557
828
557
380
1404
436
1290
135
1317
865
246
321
605
684
444
1317
514
466
389
36
74
435
753
231
1333
1414
52
511
145
1490
36
377
44
557
215
1181
362
1419
1431
1298
435
109
579
1181
273
1225
1164
38
1389
146
1361
74
377
435
1200
95
721
389
197
1325
72
50
44
365
1160
1382
1223
242
1493
1431
289
197
556
1468
1327
95
508
1404
1097
273
62
203
11
1399
445
1325
370
1100
513
446
13
44
1493
1399
1160
794
461
132
1239
734
1477
895
112
321
1
257
92
79
66
259
446
132
934
794
231
192
1499
220
1361
426
113
1424
683
95
251
213
1493
1382
273
1181
202
179
1258
865
1343
1114
132
243
1431
1337
21
66
1430
1316
477
307
1184
1449
239
380
1493
1403
1450
30
248
109
92
1400
62
446
296
109
203
1041
370
1403
143
435
753
245
1492
215
141
1276
381
152
719
194
202
257
1478
466
116
215
20
457
296
1164
365
134
611
370
1500
593
21
289
362
920
753
243
90
232
338
1361
306
461
50
179
288
1355
794
335
1112
605
435
514
1100
1361
136
611
420
362
783
271
141
134
201
104
1200
224
442
457
86
72
1200
135
923
159
307
611
211
243
178
611
1290
1414
1458
1111
273
514
507
44
1131
92
1478
1177
1337
125
26
135
295
68
1100
321
477
196
445
1140
370
397
1018
38
220
514
50
1468
361
1455
1032
1424
861
1361
30
50
93
1289
1276
116
426
886
363
1499
21
436
1243
92
459
196
445
1474
74
89
461
435
1064
403
1367
1500
1403
514
365
152
43
266
208
321
513
721
511
1415
306
406
193
436
1251
1199
273
861
220
330
92
116
897
263
327
145
1424
289
321
1477
201
1112
1400
92
605
1415
194
1279
463
208
177
150
934
202
104
446
338
135
463
1431
163
72
403
211
321
1477
1364
444
94
1320
213
307
1419
211
1320
689
30
783
145
342
719
291
113
1
1477
136
159
684
494
703
1450
886
1052
307
334
865
1458
1252
828
307
21
446
1333
1462
761
1052
64
1493
1364
71
1486
1289
248
317
1187
535
135
197
1064
425
112
318
1355
684
213
317
365
1181
1399
63
211
20
1243
684
211
436
135
196
133
1490
1486
50
535
327
381
79
494
125
271
457
1353
514
1164
1112
1363
1184
1369
828
174
1474
285
134
213
1327
1468
987
535
104
1243
247
386
389
163
1436
57
92
201
109
135
399
11
1290
